time,x,y,z,phi,theta,psi,x_velocity,y_velocity,z_velocity,phi_velocity,theta_velocity,psi_velocity,rotor_speed1,rotor_speed2,rotor_speed3,rotor_speed4
0.06,-2.38890053975e-07,-4.11163775276e-08,10.0013117615,6.28311902719,0.000251932186452,0.0,-2.07944430203e-05,-4.38410035352e-06,0.0437242597379,-0.00341114277451,0.0114957563746,0.0,419.1119226979764,420.10963135776365,417.8653577044657,417.5679704147981
0.12000000000000001,-1.06857116301e-05,-2.58860004551e-06,10.0079677751,6.28288178466,0.0016265309898,0.0,-0.000444883707345,-0.000104172861517,0.178130567494,-0.00506263244311,0.0392961828345,0.0,446.40994419490454,448.6723419317563,447.90484536274084,447.77061414323856
0.18,-7.9013076521e-05,-1.56885601603e-05,10.0211238284,6.28293612168,0.00410964452667,0.0,-0.00207351114562,-0.000342809302001,0.26038815289,0.010757245508,0.0452652879377,0.0,432.0995267034478,432.60331203227986,429.5337869894279,430.87307261163147
0.23999999999999996,-0.000296750772142,-3.89242953308e-05,10.0393227056,0.000330564520325,0.00682239363245,0.0,-0.00545550287977,-0.000370411755872,0.34621700783,0.00737782943784,0.0451067030357,0.0,432.540879494436,432.5287730102145,432.5447253665509,432.2599626942143
0.3,-0.000783706712129,-5.21049590797e-05,10.0641354455,0.000335259880567,0.0100738523589,0.0,-0.011099842506,-3.75823090824e-05,0.480824112916,-0.0214445548905,0.0679900433744,0.0,446.86819702911356,448.7312017336923,449.16891158413875,446.825757129854
0.36000000000000004,-0.00170038836431,-5.11454108182e-05,10.0984835246,6.2828867703,0.0140164481497,0.0,-0.0199143277014,-3.34343584873e-05,0.664017601045,0.00525736633108,0.0607104786495,0.0,463.3446857648183,462.7751198002637,461.5440737782368,463.64644732110077
0.4200000000000001,-0.00317413920421,-5.77395807912e-05,10.1396466994,6.28315499895,0.0172524297301,0.0,-0.0295379244163,-0.000158967519788,0.708056574389,0.00284825625304,0.0347824081291,0.0,420.6226779392149,418.373542880344,419.12453120928495,418.9150484252675
0.48000000000000015,-0.00534704226684,-6.68912483194e-05,10.1871456477,0.000442417901039,0.0198188057572,0.0,-0.0431545820356,-0.000108356075194,0.875123356038,0.0164078610756,0.0552568536607,0.0,458.249588304684,459.87491537373705,456.91310116771,457.9925962973969
0.5400000000000001,-0.00837500878936,-5.99767443974e-05,10.2434652554,0.00143187703038,0.0229529970339,0.0,-0.0581182951027,0.000443381893291,1.00208621545,0.0166567093353,0.0453864181425,0.0,446.27874434949535,445.4742074193997,446.54155600912947,446.5617644389011
0.6000000000000002,-0.0123168221137,-2.06145734145e-06,10.3053138608,0.00239271564001,0.0255758284275,0.0,-0.0735304406755,0.00158085529432,1.05947550082,0.014696563387,0.0401404469618,0.0,424.2231822877911,423.77371189238164,424.5998582599617,424.43160274292643
0.6600000000000003,-0.0172454588579,0.000143622996577,10.3710780054,0.00283527169359,0.0276284830389,0.0,-0.0909783687484,0.00334684886191,1.13258607835,-0.0142471712652,0.0184251684279,0.0,430.2783345523884,428.4367166361567,430.8786552310757,428.42499184021295
0.7200000000000003,-0.0233181065609,0.000403925862632,10.4434172299,0.00237547547337,0.0288639799954,0.0,-0.111567050862,0.0052606727009,1.27856507484,0.00302008652702,0.0246058078971,0.0,452.0243232469667,452.5220423184002,452.2974830567416,453.68594983509655
0.7800000000000004,-0.0306204790887,0.000769728858949,10.5233284702,0.00242034636106,0.0305935671612,0.0,-0.132008395753,0.00694453889983,1.38501382978,-0.00423574287532,0.0361549699537,0.0,440.26367009743217,441.21834077055075,440.9102423929531,440.31042685807483
0.8400000000000004,-0.039231486314,0.00123926122865,10.611032907,0.00176425241135,0.0324447297405,0.0,-0.155243845301,0.00866202395249,1.53826531794,-0.0297633804138,0.0172821659663,0.0,456.42316154666275,454.91487414617166,456.32076869806514,454.2786693038574
0.9000000000000005,-0.0492435775012,0.00178989189224,10.7070099651,0.000266935581817,0.0337542825772,0.0,-0.178612603613,0.00952065255743,1.66079441187,-0.0167512149354,0.0296398920179,0.0,446.8250948659039,447.8313332514342,445.024456432364,446.0880588536798
0.9600000000000005,-0.0607204530862,0.00236283210307,10.8112756864,6.28224917571,0.0354478798688,0.0,-0.204133859614,0.00945704248344,1.81448972382,-0.0276379692455,0.0252391546554,0.0,455.1011044902318,454.7489493124222,458.36677199232486,457.5008681779344
1.0200000000000005,-0.0736405973422,0.00290721227098,10.9212666173,6.28007132266,0.0370090829194,0.0,-0.226679098399,0.00852236428311,1.85180761528,-0.0656522182262,0.0275376004051,0.0,419.805986871105,420.0055420019041,421.72463117785765,418.42737041370236
1.0800000000000005,-0.0879902054023,0.00334148680021,11.0347471822,6.27598534287,0.0386976085857,0.0,-0.251802649932,0.00555772849116,1.93073749224,-0.073505835763,0.0293242900163,0.0,433.8706143277738,434.020816891571,433.8183553396488,433.15479234785437
1.1400000000000006,-0.103824947035,0.0035262850096,11.1515102323,6.27186333055,0.0403442555895,0.0,-0.276177873383,0.000212671579875,1.96130031923,-0.0605025662689,0.0233910192546,0.0,418.94698119825705,418.4310360690319,417.18472089476586,418.3145383928515
1.2000000000000006,-0.121290480668,0.00327582803631,11.2735111877,6.2686065989,0.0419042941471,0.0,-0.306159061042,-0.00892914639399,2.10512971598,-0.0440825890128,0.0307659696013,0.0,454.08853408615175,454.6798462773345,453.9880336763486,455.3015676998029
1.2600000000000007,-0.140606145563,0.00240366074939,11.4044903794,6.26552737745,0.0438855951598,0.0,-0.337896909159,-0.0204463274739,2.2605308251,-0.0725346138224,0.0371885178629,0.0,457.99718184847814,458.50807379587803,460.1118312393315,457.85201291201366
1.3200000000000007,-0.16170446849,0.000834997487698,11.5409768885,6.26080786373,0.0471266803336,0.0,-0.365641038834,-0.0322517578239,2.28893888202,-0.0951646967139,0.0754613689699,0.0,417.784687530838,421.11023860760406,419.4660380750874,417.4906042855742
1.3800000000000008,-0.184717545462,-0.00162330331165,11.682973452,6.25496548078,0.0518905669281,0.0,-0.401960444127,-0.0503189012327,2.44391313308,-0.102198396587,0.0862900207683,0.0,458.1978001067832,459.0626368514646,460.3536347831018,459.78896072133494
1.4400000000000008,-0.209930256902,-0.00524792792602,11.8325852968,6.2492122319,0.0569356501091,0.0,-0.438974576782,-0.071097242819,2.54287768943,-0.0855765595778,0.0792660563354,0.0,443.33592209643643,442.76422886639136,441.90033609143984,443.2603249753904
1.5000000000000009,-0.237560434534,-0.0102900269537,11.9897179839,6.24405060722,0.0625594802426,0.0,-0.482592694184,-0.0975232063965,2.69446652025,-0.086943063784,0.113102463169,0.0,458.2488181720793,460.93725472305226,459.8196307854766,459.7055339873945
1.560000000000001,-0.267853429465,-0.0169776264045,12.1545756296,6.23906139906,0.0694412709952,0.0,-0.5278626414,-0.12590801261,2.8004512197,-0.0764894674011,0.117705215344,0.0,446.7498074987399,447.13658412426776,445.6393012990723,446.4872998142816
1.620000000000001,-0.301068259699,-0.0255076774154,12.3266338469,6.23488988857,0.0762936052942,0.0,-0.580022446001,-0.158874368323,2.93439263927,-0.0583461967373,0.106088932033,0.0,455.945484019967,455.02770291402754,455.57635926948217,457.021071747403
1.680000000000001,-0.337486094871,-0.0360550602131,12.5057706741,6.23185372008,0.0826746609451,0.0,-0.634539406204,-0.193019459896,3.03647796916,-0.0384272781408,0.106869397704,0.0,447.2433629289711,447.316757299041,445.74204389287615,447.3651663711175
1.740000000000001,-0.377156608961,-0.0486156291184,12.6892169844,6.23006448759,0.0888876493022,0.0,-0.688395328943,-0.22584436133,3.07820244009,-0.0165853692654,0.0959170707219,0.0,428.9368966920946,428.0154761843861,427.3159724140825,429.1734865877044
1.8000000000000012,-0.420531899365,-0.0633858401153,12.8791033649,6.22895971133,0.0941278511631,0.0,-0.758041212391,-0.266584564525,3.25077055881,-0.0223441787262,0.0585665913932,0.0,470.78989416425424,467.8963959512041,470.17295996239034,469.72665349945447
1.8600000000000012,-0.468045041027,-0.0805393346833,13.077730327,6.22720621957,0.0978159292151,0.0,-0.826080800245,-0.305333052941,3.36970620516,-0.0488278775566,0.0667149648736,0.0,454.2983586594432,454.95385897303026,455.48604234825643,453.3626755600012
1.9200000000000013,-0.519333081324,-0.0998384670943,13.2795515512,6.22444006182,0.101809098641,0.0,-0.88387212587,-0.338213704809,3.35762507958,-0.0411456024108,0.0662267194492,0.0,412.2898994529723,412.2504345792186,413.46922323173123,414.1440762145354
1.9800000000000013,-0.574725538219,-0.121482065838,13.4861249645,6.22183551735,0.106077041365,0.0,-0.962961087407,-0.383489610638,3.52753341206,-0.0483694869887,0.0794761044827,0.0,470.4124993477625,471.4409096901772,471.38071910001923,470.821186082343
2.0400000000000014,-0.634572161466,-0.145676144727,13.6992197277,6.21903991333,0.110512853042,0.0,-1.03235443044,-0.42323490277,3.57536758047,-0.0432598987538,0.0595305968316,0.0,435.61237432891534,433.9454720017592,433.81813207980184,434.24563138400566
2.1000000000000014,-0.698848588089,-0.172412447042,13.9168098433,6.21699364122,0.11391500078,0.0,-1.11052286478,-0.468183484039,3.67720591969,-0.0202206297473,0.050345677476,0.0,451.78329503417115,451.04420740631554,451.86086224797276,453.71389677143725
2.1600000000000015,-0.767928395387,-0.201907429256,14.1408588822,6.2156947149,0.117262719121,0.0,-1.19243730421,-0.515085203122,3.7906204594,-0.0246697178747,0.0649204911275,0.0,455.54071237035885,456.70672800209894,457.22176731179997,456.8671555883645
2.2200000000000015,-0.841676847094,-0.234060248242,14.3689818211,6.21433842074,0.12077227254,0.0,-1.26618623047,-0.556795742109,3.81329839565,-0.0187661457297,0.0407917495845,0.0,429.57777848202227,427.5290819562651,428.6284080485495,429.1298098354719
2.2800000000000016,-0.920023993286,-0.268802142364,14.5993585705,6.21324878822,0.123567303909,0.0,-1.34562810409,-0.601358611081,3.86565364667,-0.0169761189769,0.0561891484849,0.0,437.94375424975345,439.22397828398846,438.8308438776042,438.9794763602439
2.3400000000000016,-1.00306257683,-0.306162570999,14.8317816369,6.21220573761,0.126711320535,0.0,-1.42262549295,-0.644075833748,3.88162450213,-0.0182129887461,0.0434795822976,0.0,427.3514070694877,426.2684720338547,428.2368375612893,428.1316673429782
2.4000000000000017,-1.09113834661,-0.346305017254,15.0679484357,6.21105267695,0.129081004006,0.0,-1.5134597891,-0.694092814935,3.99011106687,-0.0213066539668,0.0300169112948,0.0,458.2941458131864,457.22347695425,457.0971148222409,456.8505458313463
2.4600000000000017,-1.18519177906,-0.389737972406,15.3142626461,6.21008193352,0.130790861229,0.0,-1.62177610702,-0.753744246929,4.21940488463,-0.00751043623811,0.0252718950713,0.0,494.43008343583466,494.08048520914866,493.7096257150404,494.72665470798177
2.520000000000002,-1.28558380884,-0.436656097612,15.5727578035,6.20988894305,0.13257173862,0.0,-1.72474344822,-0.810178359764,4.39630962158,0.00422433122601,0.0372942971312,0.0,480.9441122336927,481.8541002548083,480.01182925701687,480.90166031302755
2.580000000000002,-1.39185984634,-0.486774200027,15.8392873142,6.2096744167,0.135603234124,0.0,-1.81803639158,-0.86038787131,4.48752423845,-0.0276331119868,0.0687393308991,0.0,455.0020992514516,457.5142844035128,458.38674704545866,455.84785054732043
2.640000000000002,-1.50394579213,-0.539990769744,16.1122792916,6.20862058538,0.139175266572,0.0,-1.91853198184,-0.913594142734,4.61152995826,-0.00263439036094,0.0256913598488,0.0,469.1577357081314,465.8049614551713,467.1190166799872,469.06464065249156
2.700000000000002,-1.62251179781,-0.596618397603,16.3953790446,6.20846448032,0.141196619814,0.0,-2.03378106545,-0.973944726919,4.82408972259,-0.00253654689132,0.0461831037839,0.0,494.34589340523144,495.85403244779263,495.20824129837786,495.2154934536181
2.760000000000002,-1.74769359361,-0.656681831095,16.6887025106,6.20935756472,0.144216090254,0.0,-2.13919672576,-1.02807469137,4.95264329854,0.0368197253986,0.0575314727424,0.0,471.44813214725303,472.32568950730416,471.8308711657298,474.8599489745787
2.820000000000002,-1.87911465204,-0.719885667122,16.9886295962,6.21247939115,0.147336012523,0.0,-2.24180467287,-1.07841482244,5.04437633563,0.0720820421715,0.0376409707543,0.0,463.0135082003973,461.44734679602004,462.1737744509903,464.9465471482965
2.880000000000002,-2.01656891746,-0.785952295,17.2927735671,6.21696305378,0.149700953417,0.0,-2.34022276543,-1.12338442907,5.09343424124,0.0795512942103,0.0427469730019,0.0,451.1751118529964,451.587987263485,449.7829839530706,450.3918664313507
2.940000000000002,-2.15971736073,-0.854518055075,17.5980981548,6.2213406793,0.152475948188,0.0,-2.43166490887,-1.16175912485,5.08399876081,0.0545994101116,0.0524664929738,0.0,432.3020195431305,433.1216918389411,433.5790698830071,431.48139772982904
3.000000000000002,-2.30845854796,-0.925336659726,17.9031484329,6.22460536264,0.156114281713,0.0,-2.52670866048,-1.19858525706,5.08421124872,0.0540328195196,0.0733450063723,0.0,435.4894253486856,437.23522348487614,435.5159898827899,435.4706268981131
3.0600000000000023,-2.46383247109,-0.998621317981,18.213580568,6.2286398642,0.160283813947,0.0,-2.6528064674,-1.2437734105,5.2624940137,0.0854330565341,0.0603931111114,0.0,491.3423198938341,490.3841544112035,489.6764891940829,492.00980541265005
3.1200000000000023,-2.62615841733,-1.0742840081,18.5302826461,6.23335088014,0.164467719715,0.0,-2.75843435643,-1.27786487354,5.29393919492,0.0587714456042,0.0838254311744,0.0,446.7115908679872,448.62214370831776,450.326379488986,448.1687764254436
3.1800000000000024,-2.79485354758,-1.15189561527,18.8484915573,6.23687041482,0.169153190322,0.0,-2.86519612146,-1.30887730835,5.31273890664,0.0584329852135,0.0630255874613,0.0,445.76862799749495,444.07007493912465,445.34845257918573,445.3231531097826
3.2400000000000024,-2.97036813452,-1.23139240405,19.1696810094,6.24049963498,0.173266670389,0.0,-2.98565601308,-1.34065504464,5.39298538942,0.0643058863633,0.0777990300298,0.0,463.74172283255535,464.90419512020486,465.3240356516682,465.7860393217248
3.3000000000000025,-3.15309951171,-1.31269846514,19.4950461696,6.24485554824,0.178554319894,0.0,-3.10585854698,-1.36914926349,5.45199910802,0.0854504947037,0.103337739756,0.0,458.7438272206788,460.77356692144866,458.6829254128985,460.3631516514887
3.3600000000000025,-3.34236250127,-1.3954645103,19.8195276621,6.25002072592,0.184946578255,0.0,-3.20349449265,-1.389369115,5.36427328181,0.0873276812901,0.112267780057,0.0,411.35133866483636,412.15243501539504,413.79652545568734,413.96848509006816
3.4200000000000026,-3.53806139935,-1.47944992332,20.1412072542,6.25538886085,0.191862449145,0.0,-3.32043316317,-1.40970302719,5.35813785012,0.0934374430182,0.120665133145,0.0,439.23307926803017,439.9410619426509,439.55096348433,440.0638608774023
3.4800000000000026,-3.74184885804,-1.56469289442,20.4672796472,6.26072322671,0.199014349198,0.0,-3.47314990117,-1.43112194532,5.50981291664,0.0778173136684,0.116093502346,0.0,489.7272644945775,489.39838521276965,488.69134945090804,487.53117418129807
3.5400000000000027,-3.95358574997,-1.65096263146,20.7955946415,6.26530013577,0.205741760353,0.0,-3.58538902173,-1.44420777819,5.43411584265,0.0730210034023,0.102695816717,0.0,419.940981805887,418.7888372846499,419.89744599501677,419.4860163884374
3.6000000000000028,-4.17234094318,-1.73796525594,21.1201358706,6.26947711494,0.212000388576,0.0,-3.70704979402,-1.45555617805,5.38387706315,0.0617527945053,0.107356182666,0.0,427.1607623656517,427.5680327529636,428.97670887141527,428.02242501737385
3.660000000000003,-4.399465809,-1.82564379531,21.4460258815,6.27276213256,0.218319358763,0.0,-3.8643626169,-1.46670738878,5.47824312512,0.0346147161744,0.10089149318,0.0,475.1593959274428,474.6723449535301,474.3492094695746,472.2618833264279
3.720000000000003,-4.63574367799,-1.91391282723,21.7756007307,6.27530989773,0.22393629849,0.0,-4.01212312422,-1.47538608872,5.50704879482,0.054769901659,0.0722339169095,0.0,457.2002159646466,454.9176078370204,454.46075768538145,456.07464153684407
3.780000000000003,-4.88019505733,-2.00262833693,22.1033211869,6.27858772104,0.228329499224,0.0,-4.13676495053,-1.481570705,5.41714087491,0.0543500038222,0.0751216301428,0.0,417.4871833179059,417.7436649986,417.66176614655336,417.6273351491527
3.840000000000003,-5.13229357567,-2.09166990063,22.4259559849,6.28205975669,0.232970487525,0.0,-4.26704305277,-1.48624106053,5.33744618507,0.0641058839099,0.0814679898631,0.0,420.11327183482024,420.66842368664805,420.72782141123923,421.57434120848467
3.900000000000003,-5.3924703389,-2.18094024268,22.7444617205,0.00229398366963,0.239246393567,0.0,-4.40611672106,-1.48916009557,5.27932795658,0.0363544273509,0.130664537496,0.0,426.4544650122548,430.645945372096,428.5144925550354,426.15055506851127
3.960000000000003,-5.6622063555,-2.27032670366,23.0638552612,0.00456707437268,0.247245868486,0.0,-4.58580704668,-1.49017676329,5.36609709881,0.040781641523,0.138169810978,0.0,473.76551036213834,474.3574378212375,475.0986129887262,475.4385831246676
4.020000000000002,-5.94230361701,-2.35974086652,23.3860058551,0.00652525344967,0.255380823669,0.0,-4.75152827426,-1.49010373845,5.37164874462,0.00663002684661,0.129835475561,0.0,451.36305791543987,450.70644107663,453.22059937425087,450.4670896671944
4.080000000000001,-6.23361271697,-2.44909636859,23.7126218541,0.00651829334,0.262906855982,0.0,-4.9594398197,-1.48839582826,5.51409560003,-0.0191456681048,0.114742532504,0.0,495.6349079321307,494.5366272604918,495.3252139812899,493.4256547042836
4.14,-6.53740547602,-2.53836005987,24.0470526749,0.00492072963789,0.269884016995,0.0,-5.16757419475,-1.48719998828,5.63224610577,-0.0490219769312,0.11920430849,0.0,490.8005973899726,491.1423855019899,491.01165503139964,488.7894985752401
4.199999999999998,-6.85228785305,-2.62761636457,24.3828350671,0.00252372768892,0.277013212378,0.0,-5.32921575008,-1.48820348543,5.56026369184,-0.0261642985044,0.118040617582,0.0,432.96573462963124,432.88089812677106,432.68563489731315,434.60522735394846
4.259999999999997,-7.17653432816,-2.71696914546,24.7125723616,0.000606931449593,0.284700530186,0.0,-5.4797735059,-1.49033391451,5.43106437538,-0.0471935923661,0.143053606447,0.0,412.5859861773111,414.8049782373012,415.45170205961944,413.6026540997826
4.319999999999996,-7.50962160917,-2.80647769009,25.0333617828,6.28172100006,0.293186897895,0.0,-5.62399342193,-1.49342608984,5.26216092502,-0.0168516160574,0.138002509995,0.0,399.7578620071498,399.31826500616586,398.5420282963589,401.30565165253455
4.379999999999995,-7.8525674693,-2.89619915298,25.3474631206,6.28073108281,0.301084972264,0.0,-5.80832397761,-1.49736682984,5.2074047593,-0.0158018518315,0.114190545474,0.0,441.155009832145,439.19967864284655,438.08730385801084,438.17468891117556
4.439999999999993,-8.20800628932,-2.98618318354,25.6622862852,6.27976003139,0.308039834058,0.0,-6.04024416128,-1.50219172279,5.2854113431,-0.01696001077,0.119153641602,0.0,482.48602522669563,482.87149732040876,482.4756122653981,482.3882590076321
4.499999999999992,-8.57578545208,-3.076456251,25.9762098834,6.27846078531,0.314948060362,0.0,-6.21983932169,-1.506990435,5.17853106905,-0.0332533973035,0.10557624315,0.0,425.2609333608312,424.1084233563445,426.5802573155708,425.1861820545408
4.559999999999991,-8.95567389316,-3.16705649047,26.287287101,6.27640528838,0.321435143174,0.0,-6.44373939837,-1.51318966464,5.18976632694,-0.0363473959069,0.112766654192,0.0,464.4318768035199,465.0053295492427,465.2825805175554,465.0398019314328
4.6199999999999894,-9.3477494071,-3.2580341979,26.5947262071,6.27494545685,0.327807466988,0.0,-6.62624622229,-1.51951739766,5.05812512785,-0.00732081571591,0.0879748323571,0.0,419.97931587212787,417.8331629347365,418.190782512651,420.71203441662175
4.679999999999988,-9.75206722708,-3.34943530013,26.8975758533,6.27476893093,0.333015913942,0.0,-6.85162761841,-1.52720850663,5.03612999283,0.00462639464862,0.0843657686863,0.0,457.3284650366112,457.04682829152506,455.3503077768631,456.3053514552594
4.739999999999987,-10.170065719,-3.44129927202,27.1990504958,6.27508426216,0.339044163961,0.0,-7.0823072518,-1.53489816176,5.01224294882,0.00648504560589,0.121296468468,0.0,456.7794220781408,459.7236157597731,456.7020254155215,456.8501936243461
4.799999999999986,-10.602808956,-3.53363551688,27.5010760507,6.27595750249,0.345810175352,0.0,-7.34313772707,-1.54291040243,5.05392180957,0.027137343231,0.0843597811442,0.0,482.1665860068538,479.3768908478903,478.8337166733845,480.4025361036266
4.859999999999984,-11.0502585858,-3.62641133042,27.8023795411,6.27769686139,0.350481138189,0.0,-7.57254316599,-1.54949167718,4.98897441673,0.0324568708585,0.059819645683,0.0,450.0762835940819,448.08973660185353,447.9601845470455,448.3928999151443
4.919999999999983,-11.5105964492,-3.71954098542,28.0969144096,6.27970618938,0.354330895377,0.0,-7.7728733275,-1.55471473872,4.82896277389,0.0354762669371,0.0716737872973,0.0,416.7215648369874,417.7600757132782,416.48566850438124,416.75027809928133
4.979999999999982,-11.9849398198,-3.81297500057,28.386762042,6.28168368958,0.358758528612,0.0,-8.03915774252,-1.55957848133,4.8315821411,0.0273768505344,0.0777265364917,0.0,472.22464618345435,472.69531223867006,471.25037037791617,470.6240682174495
5.0399999999999805,-12.473045062,-3.90666128131,28.6703378212,6.28311063881,0.363085317651,0.0,-8.23199638396,-1.56321821152,4.62125678547,0.0153991798716,0.0574765414326,0.0,401.6153159493728,399.77828191030875,401.3996354709591,400.310947492914
