episode,total_reward
1,62.3781745588
2,62.3225361417
3,62.3186276843
4,70.7807733413
5,63.5438003304
6,68.0799021598
7,54.2585176682
8,132.766041075
9,77.9957144827
10,62.3532421239
11,74.3382994233
12,75.227457398
13,75.1594225523
14,75.1304759471
15,75.1233016641
16,75.1225433882
17,75.1246760879
18,75.1227002477
19,75.1205832048
20,75.12272653
21,75.1141756618
22,75.1285498206
23,75.1175616161
24,75.1216358531
25,75.1188550857
26,75.1256594607
27,75.1406386595
28,75.1401793174
29,75.1656345375
30,75.1997137859
31,75.2264974218
32,75.2941728102
33,75.35654699
34,75.2176728066
35,75.1810087051
36,75.1288504662
37,75.1296709761
38,75.1303058148
39,75.184738674
40,75.2067808683
41,75.2095349646
42,75.219527831
43,75.2167579935
44,75.0940535923
45,72.3642935116
46,72.3458118065
47,75.1544595679
48,75.1152105979
49,75.1170954024
50,75.1188085556
51,75.1116099035
52,75.1101724014
53,75.1133673762
54,75.1024972919
55,220.142407685
56,219.826780621
57,211.475732511
58,213.996282053
59,113.842798897
60,75.1257475592
61,75.1259219496
62,75.106802224
63,75.1107294409
64,77.8535817538
65,75.1169292729
66,75.1073524731
67,75.1249395978
68,75.1155714862
69,75.0349202807
70,74.9572388919
71,183.545435059
72,75.1191558479
73,75.1192855546
74,75.1170003956
75,75.1089465536
76,75.108085128
77,75.1067849708
78,75.113935933
79,75.1149277964
80,75.1072137218
81,75.1084276786
82,75.1151422996
83,75.1278996101
84,75.1125052097
85,75.114135236
86,75.1127428762
87,75.1090631475
88,75.1113001383
89,75.118711377
90,75.1184970897
91,75.1146565165
92,75.1060628147
93,75.1148798385
94,75.109156409
95,75.1068808918
96,75.1212182363
97,75.1211927548
98,75.1178573362
99,75.1204968989
100,75.1155821028
101,75.1122379131
102,75.1095345309
103,75.122356533
104,75.1143124678
105,75.1180519873
106,75.1217303878
107,75.1136979555
108,75.115181995
109,75.1166257312
110,75.1067415076
111,75.1177907204
112,75.1158009867
113,75.1116592941
114,75.1124248259
115,75.1226413764
116,75.1135200065
117,75.1109365588
118,75.122944018
119,75.1271065613
120,75.1154604634
121,75.1045485874
122,75.1212764358
123,75.1180536897
124,75.1138112749
125,75.1103436079
126,75.1155717791
127,75.1150230337
128,75.1034337018
129,75.1181121841
130,75.1281522
131,75.1205355357
132,75.1140228046
133,75.1231841853
134,75.1145449687
135,75.1190067695
136,75.1145035062
137,75.0985014323
138,75.1015065451
139,75.1025167582
140,75.110638874
141,75.1040417135
142,75.1115613739
143,75.1135529255
144,75.1155689748
145,75.1156175918
146,75.1143395504
147,75.1113759551
148,75.1043673074
149,75.1122652942
150,75.112925148
151,75.1076381302
152,75.1058491886
153,75.1140638207
154,75.1279314471
155,75.1093509344
156,75.1181400434
157,75.1142357985
158,75.1191227918
159,75.1183273972
160,75.1120618081
161,75.1158644128
162,75.1138174685
163,75.1191393394
164,75.1026684871
165,75.1108243771
166,75.1117316433
167,75.1193910281
168,75.116595393
169,75.1142461015
170,75.1112923125
171,75.1163363046
172,75.1145821195
173,75.1076562448
174,75.1095011374
175,75.1259204396
176,75.1246519505
177,75.1182924708
178,75.1067213052
179,75.1189649475
180,75.1115611161
181,75.1112613279
182,75.1007409684
183,75.1091592189
184,75.1154395645
185,75.1183549967
186,77.7797770296
187,165.519817527
188,75.1112517716
189,75.1089541892
190,75.1210345386
191,75.126221068
192,75.112003127
193,75.1218933664
194,75.1068590155
195,75.1061417732
196,75.123261889
197,75.1180060155
198,75.1111447625
199,75.1114606794
200,75.1125800241
201,75.1071572355
202,75.1223481616
203,75.1212288511
204,75.1203254636
205,75.1106420523
206,75.1247307253
207,75.1081667058
208,75.1075120353
209,75.1209005537
210,75.1179736779
211,75.1285721304
212,72.4690897417
213,77.7815619269
214,66.6079901155
215,77.8809115935
216,74.64876329
217,74.6703961501
218,66.5914811761
219,63.8902831238
220,63.8902823098
221,63.8902820547
222,63.8902818901
223,63.8902817601
224,66.589964557
225,63.890282298
226,63.8902820108
227,63.8902809606
228,66.5951805532
229,75.1188525578
230,75.1144487676
231,75.0790411953
232,63.8902816369
233,66.6432721907
234,69.3775020145
235,66.6242253798
236,63.8902823053
237,69.360125705
238,75.0957157354
239,75.1011647818
240,75.0473651569
241,75.0559571443
242,72.3946473316
243,75.1153694099
244,75.1021869522
245,75.1277823714
246,75.1171613471
247,75.1120030552
248,69.2781355739
249,83.4591370831
250,83.4520567058
251,83.4549155353
252,83.3749973456
253,83.4523925233
254,83.3393642896
255,83.245935163
256,83.3541001124
257,80.7480913341
258,83.1140665446
259,80.7021458872
260,83.0705614225
261,80.5728761183
262,83.5179114966
263,83.4443908668
264,83.0172025119
265,83.1527276907
266,80.778673124
267,80.6080365164
268,80.6764406983
269,80.768215457
270,80.5744412455
271,83.3023677598
272,80.7564840076
273,83.3751058647
274,83.4225585691
275,80.7105945678
276,83.3980150105
277,80.6726818485
278,80.485439761
279,80.6568848462
280,82.8873849862
281,80.6560412171
282,80.6899284564
283,80.5788440768
284,80.7020595771
285,80.7168431031
286,80.752761114
287,80.7724402389
288,82.8876450535
289,80.6940372892
290,80.7498362468
291,80.7513547756
292,80.6854073463
293,80.7669550193
294,80.5432410865
295,80.7161178208
296,83.3064465273
297,83.3022728236
298,80.4078847877
299,80.7267479176
300,83.3136109501
301,80.7271463986
302,80.6174749246
303,80.7877463979
304,80.6928650588
305,80.3884379835
306,80.761166693
307,80.6576660065
308,82.9033708669
309,80.6472001538
310,80.7622804222
311,80.7610945636
312,80.6565976018
313,80.7739607455
314,80.7672020906
315,80.6744382417
316,80.6362515936
317,80.4910664431
318,80.5654399068
319,80.7884674942
320,80.4819346403
321,80.7146257272
322,80.7643625534
323,80.6133011655
324,80.7716696433
325,80.6864797267
326,80.5653111163
327,80.7099989751
328,80.8148958029
329,80.6562333626
330,80.3947969089
331,80.7192366869
332,80.5546927971
333,80.5009300779
334,80.6986162922
335,80.7129318929
336,80.7838071263
337,80.6650587243
338,83.2677688151
339,77.8807442513
340,80.4979330766
341,80.5609153602
342,80.6093010036
343,80.531428526
344,80.5094580282
345,80.7279547873
346,80.5170155304
347,80.4976111898
348,80.6056023211
349,80.4320473169
350,80.4801644868
351,85.8285861772
352,82.5702286309
353,108.295372808
354,85.2206499621
355,103.837019895
356,71.1062881092
357,89.3130090516
358,113.448280545
359,85.2735716419
360,80.0286041897
361,85.0863913269
362,101.147301262
363,79.6792377172
364,85.8780734081
365,76.7421237615
366,86.5687973714
367,79.040023576
368,73.7628720603
369,90.4886218754
370,74.1924294111
371,64.9971023825
372,77.469811963
373,91.2527548292
374,89.5459436301
375,103.130307859
376,95.2653074174
377,98.3358535395
378,208.34575642
379,97.1192432654
380,96.8865332793
381,94.545278473
382,87.8733133916
383,100.451325418
384,98.1183343219
385,88.2457773625
386,95.7508703449
387,177.853173739
388,87.1098639035
389,95.7068874406
390,89.7863857031
391,95.6808901886
392,64.9882147011
393,56.8487393119
394,64.9826379106
395,67.3532598074
396,92.0921054216
397,92.5346968193
398,198.968424942
399,79.1946041424
400,86.5841707351
401,92.4924933532
402,70.1546844383
403,70.4268968207
404,89.8085104296
405,84.3884914038
406,83.3500714588
407,83.2942163717
408,80.7261045139
409,83.3010787935
410,83.458972402
411,83.3948948927
412,179.759524822
413,173.102660591
414,184.819282639
415,171.670619668
416,70.4306351177
417,72.6762474672
418,141.642593998
419,169.581683914
420,70.4225405345
421,73.6081047556
422,68.309728311
423,171.310733267
424,179.133585359
425,173.614407983
426,183.0040412
427,178.942601146
428,173.249939936
429,166.078273217
430,169.180694486
431,181.461372286
432,159.564393648
433,175.677350572
434,182.480255905
435,158.506044035
436,176.943293098
437,177.607658012
438,92.3671048244
439,92.5988850017
440,73.1317145683
441,75.9344901303
442,70.7874958403
443,74.1704458253
444,82.6417180047
445,83.1215485858
446,83.1617866105
447,80.267581511
448,79.924091269
449,85.0722821952
450,79.9046376331
451,83.2048188798
452,79.8424723179
453,73.374901049
454,70.96854105
455,75.6090393228
456,72.1567392137
457,81.9899029519
458,63.3891854303
459,86.6137069591
460,77.5652941482
461,77.3892680633
462,74.5388073641
463,71.6973747359
464,83.1534766986
465,83.3904142255
466,82.8559222748
467,80.7785046979
468,82.8800903153
469,85.1208679803
470,89.0322800469
471,78.095131843
472,76.4583749446
473,80.2925889713
474,73.8026252951
475,82.2569764529
476,87.7338907887
477,75.8710850915
478,76.5402602374
479,76.391082239
480,80.0462939705
481,65.6273520163
482,69.8281256334
483,70.2915129252
484,68.7608742588
485,77.729331219
486,86.2382114574
487,94.698332914
488,85.8862102405
489,72.952672635
490,68.4611072613
491,73.9119618577
492,66.9849827043
493,80.9953022404
494,67.3018617899
495,101.690658898
496,97.3286357448
497,93.3797749753
498,99.3558394708
499,102.207347211
500,101.543499434
501,122.367436462
502,132.927159934
503,70.7442526878
504,74.6414622053
505,77.3660320354
506,74.1266471452
507,74.4880995842
508,71.8534365
509,72.0002155178
510,72.0031714748
511,72.0101238808
512,71.9219060493
513,74.6379615996
514,74.6459817425
515,74.6352216424
516,71.9881424113
517,72.0065494112
518,71.9719581277
519,74.6408851698
520,74.6341360512
521,74.6613636369
522,74.6328115501
523,74.6208472656
524,74.6610875695
525,74.6295807982
526,74.6543538674
527,74.6561837066
528,74.6326887036
529,74.6445981498
530,71.977106868
531,71.9059656351
532,71.9920896278
533,71.9895310641
534,74.6601373822
535,72.0019309624
536,71.9857311065
537,72.0186315463
538,74.6444919581
539,71.8953833088
540,71.9070012138
541,74.6525598044
542,74.6528844866
543,74.6266281665
544,74.6901757624
545,71.921899476
546,71.8992858634
547,74.6184510165
548,71.9223418686
549,74.6167952279
550,74.622640833
551,74.6612389096
552,72.0239595778
553,74.6343664067
554,74.4873613648
555,74.6746829207
556,74.6501265502
557,74.6046905667
558,74.6359914568
559,71.9940543875
560,74.4645141754
561,74.1915285578
562,71.7522009906
563,71.5909892887
564,66.271702541
565,173.657107967
566,83.3146858781
567,83.4405149771
568,83.4667373008
569,82.7330934552
570,83.3975576714
571,83.339273966
572,83.1569594185
573,83.0347250941
574,83.4788711611
575,83.3302055157
576,82.9735588556
577,83.1337893638
578,83.3038060675
579,83.4174865824
580,83.3452817921
581,83.3651129216
582,83.2758203889
583,83.1435053959
584,83.3137493774
585,83.2182016032
586,83.3490793782
587,80.6762950548
588,83.1611162836
589,83.1307750601
590,83.4914488724
591,83.4349008649
592,83.3911503406
593,83.4638562077
594,83.2672231357
595,83.4270581658
596,80.5329341253
597,182.755321186
598,177.266776054
599,102.84354128
600,105.189257819
601,98.7714199394
602,71.11332683
603,169.426133047
604,80.6735902538
605,75.0222116554
606,83.1247781721
607,83.3843872659
608,83.2103770943
609,83.4664035202
610,83.3726148482
611,83.2529764649
612,83.4065370764
613,83.1215161431
614,83.3353811488
615,83.1416242527
616,83.3819048779
617,83.4538749283
618,83.2879299886
619,83.3333372766
620,83.0749933125
621,83.209741628
622,83.367173901
623,83.3374118051
624,83.4501454252
625,83.4206870499
626,83.1836752952
627,80.8081569312
628,83.0976768256
629,83.0032766275
630,83.1443148631
631,83.3850944409
632,80.4858444481
633,83.186699395
634,83.338279901
635,83.1188195389
636,83.0787313286
637,83.3228430008
638,83.4320621373
639,83.3478163238
640,83.3962067647
641,83.2424980425
642,83.1395666571
643,83.2323373673
644,82.3352226088
645,76.5163090568
646,74.8448423418
647,81.2314075554
648,80.9086650438
649,74.9839150144
650,74.9617088365
651,81.068453478
652,83.5216199753
653,74.9707453333
654,75.084281275
655,75.0829763053
656,76.3306791711
657,76.3805294299
658,76.4692376722
659,73.3937715505
660,71.489171884
661,76.3296445254
662,65.9011913994
663,70.4208351395
664,76.3825833452
665,82.8626102359
666,83.0629573147
667,83.1106465694
668,83.3395918749
669,83.2889645316
670,83.2667006781
671,83.1940648148
672,83.4095334235
673,83.4139958814
674,83.4689595951
675,83.3998266697
676,83.4084680699
677,83.2042658902
678,83.0801810768
679,83.4493450341
680,82.8873609923
681,80.7774261641
682,83.1015241424
683,83.4466008024
684,83.4241266105
685,83.3560002866
686,80.7169439968
687,83.5445456469
688,83.450135589
689,83.1012842958
690,82.9968390283
691,83.2612861041
692,83.2591875612
693,83.2553927192
694,83.3396947694
695,83.3000660262
696,83.4854441889
697,82.8802727295
698,83.4780265982
699,83.1615269538
700,83.362871262
701,83.2741433797
702,83.3296328106
703,83.3276354998
704,83.4107363201
705,83.2700149218
706,83.4588538558
707,83.0110159808
708,83.2640155241
709,83.0667433942
710,83.2107038744
711,83.4246854943
712,83.4505961562
713,82.7455881531
714,83.3028881378
715,82.8309057216
716,82.9680855295
717,83.4784092025
718,83.3562868351
719,83.3309194034
720,83.4217585508
721,83.137901317
722,83.2617380051
723,83.2695379423
724,83.4757487715
725,83.2616486936
726,83.4940173494
727,83.0881369304
728,83.3720333167
729,83.4869471183
730,83.1120574406
731,83.4833170955
732,83.4309291675
733,83.1267123618
734,83.4467038606
735,83.3318917361
736,82.6245774716
737,83.456383785
738,83.4146808784
739,83.4435641656
740,83.1512202361
741,83.4214907784
742,83.2228862148
743,83.279156999
744,83.2210365427
745,83.2828997578
746,83.4776335696
747,83.337068062
748,83.2827798007
749,83.1617677628
750,82.8120109486
751,83.2049786737
752,83.4283159635
753,83.4232513297
754,83.3472867343
755,83.3962683579
756,83.3946702476
757,83.246067152
758,83.1378988458
759,83.249039105
760,83.0611239439
761,83.1886335394
762,83.1239532653
763,83.4107513888
764,83.1986361829
765,83.3776238223
766,82.9466107427
767,83.1883197259
768,83.4651859528
769,83.4423752731
770,83.2325819705
771,82.9404881005
772,83.3264935325
773,83.327845805
774,83.0297907235
775,77.5834740214
776,171.610813378
777,82.0846775551
778,77.8074375695
779,81.8546701621
780,83.382727465
781,83.4545786776
782,82.9306610318
783,83.2722980493
784,83.4214791429
785,83.3969835619
786,83.3680925184
787,83.1922543342
788,83.3304508623
789,83.3730861146
790,81.9075765661
791,77.9404646071
792,80.7546925643
793,84.1629053511
794,77.8140038502
795,83.1861367508
796,83.222271561
797,83.2757826069
798,83.1559916516
799,83.3142312949
800,83.3400768927
801,83.3855053646
802,83.1837978465
803,83.3263268578
804,82.671905395
805,83.2569201989
806,83.4608266764
807,83.4211835139
808,82.9870156953
809,83.5226325635
810,83.4241846692
811,83.2382387751
812,83.273570672
813,82.7521510499
814,83.2500856018
815,83.4862732095
816,83.0148346559
817,83.1910048682
818,83.2191991778
819,83.2365432999
820,83.3861008182
821,82.9628694017
822,83.3909542746
823,83.3125677555
824,83.3961670409
825,83.4584764761
826,83.4398809695
827,83.4138988371
828,83.6674329634
829,175.505073575
830,175.71097661
831,66.1425299731
832,81.8684560125
833,68.8662843708
834,83.6747884689
835,177.819440901
836,171.136858043
837,173.599332195
838,179.973073648
839,168.508723347
840,170.793942088
841,170.763508393
842,173.755486728
843,178.294485005
844,166.138695278
845,174.159604841
846,79.5451830858
847,76.6765468377
848,77.0105803648
849,81.7968035623
850,81.7088777317
851,81.6271174201
852,81.6883000163
853,81.7348874809
854,81.8239939153
855,81.8653903025
856,84.3591742297
857,81.7496614454
858,81.70553978
859,81.613518253
860,81.8105571353
861,81.7434311307
862,81.7457073362
863,81.6494485718
864,81.7281440825
865,81.74674179
866,81.7556903018
867,81.8437552661
868,81.7597758709
869,81.7429637492
870,81.7327467216
871,81.720604437
872,81.7820969798
873,81.6775017261
874,81.7772937612
875,81.8334225383
876,81.7171757398
877,81.6466841291
878,81.6933843426
879,81.6628821025
880,81.7218524354
881,81.7201138878
882,81.7068021789
883,81.8118532039
884,81.6581178057
885,81.7121343322
886,81.8570523757
887,81.6678970418
888,81.8665477364
889,81.8282513498
890,81.7827634791
891,81.6694855604
892,81.7835071934
893,81.6948188399
894,81.712636695
895,81.5833539656
896,81.647415764
897,81.5874005677
898,81.7143423698
899,81.8158006582
900,81.7220417856
901,81.734241354
902,81.7853581122
903,81.7962630136
904,84.383006101
905,81.619642591
906,81.636883196
907,81.6902850452
908,81.6824413984
909,81.6642906349
910,81.699949974
911,81.7941501016
912,81.6518850301
913,81.7772880811
914,81.7867821759
915,81.7960529736
916,81.8157509685
917,81.8193521511
918,81.7095314002
919,81.6875323171
920,81.7993805189
921,81.8410966335
922,81.6330507447
923,81.6408890203
924,81.7020263731
925,81.720290282
926,81.6385096736
927,81.7536829103
928,81.7167076245
929,81.6953591324
930,81.6727618596
931,81.7548709803
932,81.7837390255
933,81.7616632799
934,81.7382686094
935,81.8935457863
936,81.6506061821
937,81.8262164012
938,81.6067376474
939,81.8930323554
940,81.8305119509
941,81.7113281724
942,81.761842849
943,81.6865429361
944,81.7910134905
945,81.6394478316
946,81.7884473757
947,81.685935919
948,66.1753321069
949,85.1773518175
950,86.0611322977
951,71.6851066284
952,79.9100647427
953,94.4566024316
954,91.7469345159
955,70.6052476803
956,76.1832008881
957,78.1191449433
958,76.1079578099
959,93.4927632085
960,83.9233111349
961,72.4229816908
962,91.9986618664
963,95.197137816
964,79.4974510098
965,87.9693574198
966,87.3089036019
967,56.2303210138
968,71.9121580999
969,72.9684127128
970,97.0064214352
971,90.1328620631
972,89.5814711856
973,65.2402907647
974,77.2454961393
975,73.2222092412
976,58.9666489516
977,68.5378492998
978,84.0764262533
979,54.2127213555
980,80.9947857069
981,74.1108999743
982,67.6361822641
983,90.3320809534
984,67.5355692808
985,78.0923857611
986,89.6243945676
987,57.7583922383
988,60.5648408685
989,84.3805103223
990,81.8866646226
991,76.2046911397
992,57.6212521373
993,87.6009743842
994,77.7580674577
995,75.0350188334
996,86.2942650282
997,69.7432167266
998,83.7408228697
999,59.7784770676
1000,84.952950893
